S0 S1 S2 S3 S4 S5 S6 S7 S8 S9 S10 S11 S12 S13 S14 S15 S16 S17 S18 S19 S20 S21 S22 S23 S24 S25 S26 S27 S28 S29 S30 S31 S32 S33 S34 S35 S36 S37 S38 S39 S40 S41 S42 S43 S44 S45 S46 S47 S48 S49 S50 S51 S52 S53 S54 S55 S56 S57 S58 S59 S60 S61 S62 S63 S64 S65 S66 S67 S68 S69 S70 S71;
S0:   0.000 147.078  94.895 118.680 126.396 132.015 223.652 182.784  24.021 164.149 159.013 128.281  41.976 168.576 148.122 143.962 129.619 101.872  78.873 172.609 213.827 187.878 183.371 193.794 144.586 128.082 105.005 222.874 182.332 156.541 178.219 225.304 186.078 134.060 234.440 235.228 215.641 171.747 181.463  88.544 116.276 174.132 216.462 192.816  85.703 161.012 194.165 172.285 103.325  92.892 197.246 153.525 165.496  65.276 222.767 214.114 193.941 220.418  79.177 115.935 179.011 184.101 175.841 159.765  76.479 103.479  94.048 102.694 139.014 176.386 177.071  77.414 ;
S1: 147.078   0.000 229.985 137.364 116.103 257.099 252.484 227.407 130.419  91.831 243.288 273.306 113.991  84.865 118.474 250.066 275.828  53.759 225.701  33.015  70.385 334.428 197.041  62.129 140.943 268.218 246.028  76.059 147.665 300.042 245.051  79.057 187.747 112.089  89.185  91.236 240.709 137.437 167.765  78.588 156.000 183.439  72.498 100.688 200.002 303.771 264.068 245.051 183.183 210.231 207.523 261.721 310.221 116.709 369.834 234.957  78.772  78.435  75.133 203.767 227.607 168.158 173.459 305.164 185.324  44.407 173.980 245.051 189.095  53.141 149.003  99.725 ;
S2:  94.895 229.985   0.000 208.959 162.410 152.895 297.532 255.000 118.828 214.830 213.434  55.362 136.781 263.030 183.480  69.656  93.744 192.658  65.115 249.201 299.842 116.726 176.284 263.964 235.767  39.623 104.293 302.476 206.930 127.906 130.740 303.600 272.250 228.178 310.942 310.234 190.704 199.850 271.267 182.661 124.310 259.563 292.358 244.706 139.671 134.164 139.589 121.462  84.929 140.064 280.080 188.831 129.314 117.593 156.589 192.629 256.363 294.376 171.453  78.026 146.697 196.698 263.865 121.202  54.589 185.809 169.499  98.737 123.329 267.030 199.582 172.285 ;
S3: 118.680 137.364 208.959   0.000 201.636 149.482 121.939  90.956  96.208 210.618 110.680 226.418  84.220  90.427 217.166 262.640 203.185  90.139 166.373 170.238 172.977 274.184 278.604 199.492  27.019 235.172 162.963 199.650 253.559 214.084 291.872 205.010  69.340  35.228 216.843 221.045 317.591 241.901  62.817  67.978 215.232  58.898 203.983 229.976  98.489 215.407 309.071 287.139 216.123 107.378  84.172 139.230 226.896 154.932 299.933 314.341 214.220 211.606  82.680 231.741 287.388 265.409  57.697 224.949 194.288 120.154  57.428 165.085 245.051 125.543 251.287  55.227 ;
S4: 126.396 116.103 162.410 201.636   0.000 258.279 322.943 287.433 129.541  54.672 278.598 216.481 127.632 191.880  22.361 153.652 240.244 121.400 191.230 115.525 179.070 278.959  82.735 117.047 218.552 201.358 226.385 166.172  56.294 272.156 132.098 164.712 268.203 194.000 168.244 165.276 125.925  45.398 253.970 135.794  47.413 259.557 150.572  83.487 210.459 277.563 150.851 133.754  86.556 218.506 285.156 278.987 278.297  61.131 318.529 120.768 101.356 149.345 119.670 105.437 112.112  63.820 254.621 271.162 107.912  91.586 206.865 222.895  76.688 168.808  51.865 146.605 ;
S5: 132.015 257.099 152.895 149.482 258.279   0.000 174.103 135.447 134.807 294.532  77.233 130.000 146.294 237.794 280.114 222.551  82.541 203.593  88.006 288.045 311.541 149.753 307.280 313.700 171.234 152.411  49.578 330.946 313.919  74.330 280.232 334.978 180.613 183.870 345.801 348.264 332.615 303.534 192.315 179.789 242.099 168.434 329.588 322.158  57.245  73.164 291.218 271.680 216.536  46.957 177.792  38.910  87.573 197.162 163.625 332.778 318.944 335.386 182.168 220.030 290.766 313.849 179.922  89.022 181.077 220.127  92.634  55.227 257.163 265.759 308.367 158.824 ;
S6: 223.652 252.484 297.532 121.939 322.943 174.103   0.000  42.544 205.973 331.869  97.000 294.924 199.585 181.466 338.999 361.437 254.152 210.718 238.757 284.018 269.091 323.682 397.745 313.356 111.629 312.130 214.574 301.955 375.453 248.002 401.868 308.185  67.119 140.428 320.141 325.576 434.940 363.793  90.006 189.789 332.488  69.123 310.850 349.666 158.597 246.100 417.612 395.800 326.754 160.353  47.011 139.435 261.031 272.641 336.430 432.297 331.145 319.331 204.600 339.401 401.454 386.762  80.623 263.030 299.107 241.495 130.633 219.258 360.035 225.078 373.066 176.400 ;
S7: 182.784 227.407 255.000  90.956 287.433 135.447  42.544   0.000 166.292 300.914  60.440 253.049 161.604 166.048 304.647 319.169 213.600 181.041 196.390 259.977 254.024 284.028 359.857 289.375  89.090 269.824 173.401 284.396 341.299 209.774 360.810 290.248  61.033 117.038 302.238 307.080 395.961 329.656  82.298 158.146 293.847  54.626 291.015 320.880 116.108 208.387 376.258 354.519 286.094 118.140  48.415 103.846 222.991 234.617 298.940 393.620 304.961 299.082 171.619 298.136 361.365 351.080  69.354 224.377 257.606 210.623  89.022 177.910 320.383 207.697 338.396 142.271 ;
S8:  24.021 130.419 118.828  96.208 129.541 134.807 205.973 166.292   0.000 160.200 149.486 149.817  18.788 145.207 150.030 166.865 145.726  81.688  96.540 158.294 194.743 207.762 194.700 181.662 121.565 151.242 116.108 206.465 185.785 169.753 197.203 209.402 164.584 110.114 219.146 220.511 229.730 174.642 158.751  65.795 128.004 153.000 201.646 187.417  82.098 173.643 213.862 191.909 121.495  91.005 176.819 150.562 179.805  70.682 241.230 227.548 184.765 206.313  58.412 136.000 195.489 190.709 153.769 174.774  98.082  88.685  79.612 114.826 154.149 155.322 181.320  53.460 ;
S9: 164.149  91.831 214.830 210.618  54.672 294.532 331.869 300.914 160.200   0.000 302.671 267.755 152.266 176.309  40.162 208.087 287.089 121.198 236.660  76.844 140.246 330.643 116.017  68.184 221.653 254.201 268.494 120.017  57.585 317.515 180.646 117.273 270.969 193.982 118.697 114.756 158.619  49.031 253.239 142.804 101.514 264.486 102.396  30.017 242.033 322.552 198.658 183.774 141.227 251.161 289.746 310.040 324.805 103.247 369.757 151.954  48.104  99.464 129.692 160.000 156.895  80.808 256.743 318.097 160.860  90.471 229.682 265.663 127.632 143.210  60.638 159.480 ;
S10: 159.013 243.288 213.434 110.680 278.598  77.233  97.000  60.440 149.486 302.671   0.000 202.250 151.832 199.542 298.364 281.301 158.474 191.167 150.233 276.226 283.656 226.974 342.301 304.724 122.801 221.847 120.487 309.726 334.607 151.003 330.770 314.879 114.621 144.848 326.590 330.456 374.158 323.274 131.590 166.075 275.182 104.350 312.872 326.572  76.485 149.164 344.420 323.371 259.401  73.756 106.888  43.417 164.049 220.077 239.604 372.907 316.006 320.089 175.231 268.019 335.801 340.194 118.191 166.048 227.020 216.280  72.993 125.591 297.321 236.222 330.462 146.014 ;
S11: 128.281 273.306  55.362 226.418 216.481 130.000 294.924 253.049 149.817 267.755 202.250   0.000 168.600 293.956 237.933 110.603  51.740 230.152  60.208 295.692 341.541  63.008 230.471 312.928 253.292  26.401  81.939 347.973 262.208  82.298 177.725 349.723 282.044 251.754 357.897 357.799 241.531 254.961 285.568 215.574 179.622 269.046 339.458 297.755 138.813  88.549 182.964 167.887 140.186 135.148 286.094 168.814  80.006 167.263 102.083 244.166 307.417 342.251 207.386 131.746 197.365 252.002 276.116  71.784 109.385 228.954 177.000  76.694 177.767 304.631 254.892 201.109 ;
S12:  41.976 113.991 136.781  84.220 127.632 146.294 199.585 161.604  18.788 152.266 151.832 168.600   0.000 126.649 146.731 181.838 163.355  63.655 114.809 143.108 176.828 226.318 198.346 167.720 108.079 169.838 132.061 189.834 183.175 186.207 207.663 193.039 153.496  93.904 203.096 204.788 235.468 171.735 145.619  47.011 132.944 142.562 185.930 178.101  90.934 189.834 224.949 203.037 131.947 100.623 167.200 158.051 196.665  73.110 259.417 232.725 172.792 191.003  40.311 148.003 203.600 190.539 141.824 191.919 112.058  74.095  79.379 131.210 161.484 136.741 179.388  36.014 ;
S13: 168.576  84.865 263.030  90.427 191.880 237.794 181.466 166.048 145.207 176.309 199.542 293.956 126.649   0.000 198.962 301.007 281.114  76.655 237.034 110.454  88.204 348.855 274.607 138.196  78.160 296.447 243.655 120.503 230.801 297.236 311.082 126.775 114.355  55.227 138.708 144.257 317.718 220.057  91.788  80.411 223.486 114.070 130.269 184.911 183.306 299.388 329.876 309.115 240.520 193.104 134.536 229.652 309.401 170.426 378.857 312.648 160.066 138.975  93.193 259.933 298.277 249.650 101.045 306.315 231.138 101.242 145.248 244.639 256.891  43.932 231.353  92.849 ;
S14: 148.122 118.474 183.480 217.166  22.361 280.114 338.999 304.647 150.030  40.162 298.364 237.933 146.731 198.962   0.000 169.921 262.505 132.944 213.581 111.544 175.824 300.177  79.429 107.517 232.398 222.092 248.697 158.710  36.674 294.491 140.520 156.416 282.214 206.649 158.474 154.738 123.000  25.080 266.790 150.000  63.655 274.201 141.718  65.803 231.510 299.908 158.619 143.618 104.805 239.760 299.803 300.097 300.568  83.000 339.890 116.914  88.255 139.270 134.525 122.430 117.239  50.804 268.365 293.402 128.891 101.863 226.108 245.231  87.664 171.593  34.205 162.754 ;
S15: 143.962 250.066  69.656 262.640 153.652 222.551 361.437 319.169 166.865 208.087 281.301 110.603 181.838 301.007 169.921   0.000 158.619 225.320 134.715 261.276 319.920 158.256 133.417 268.829 288.392  84.723 173.807 314.617 181.813 191.719  68.066 314.250 329.612 275.697 319.326 317.095 134.536 178.281 325.407 222.380 106.607 317.416 301.040 235.671 206.010 198.040  72.422  58.078  68.447 207.562 339.695 258.312 190.520 134.164 197.231 138.311 254.939 300.987 208.038  48.374  91.411 164.469 319.714 182.280  70.257 209.296 231.244 168.217  87.006 295.447 174.003 217.518 ;
S16: 129.619 275.828  93.744 203.185 240.244  82.541 254.152 213.600 145.726 287.089 158.474  51.740 163.355 281.114 262.505 158.619   0.000 227.009  51.108 302.200 340.178  72.007 268.119 323.136 228.950  77.421  41.437 351.864 291.053  34.234 223.654 354.543 250.320 233.026 363.897 364.803 284.429 282.446 257.391 208.060 210.373 237.447 346.013 316.849 106.733  40.447 230.827 214.105 175.000 100.130 251.390 121.264  38.079 183.848  97.755 286.248 321.711 350.036 203.666 171.172 240.441 284.482 246.522  31.016 140.228 232.863 148.223  38.328 215.188 298.967 284.255 190.205 ;
S17: 101.872  53.759 192.658  90.139 121.400 203.593 210.718 181.041  81.688 121.198 191.167 230.152  63.655  76.655 132.944 225.320 227.009   0.000 178.227  85.907 113.172 289.233 203.325 113.745 100.703 228.668 194.905 127.769 168.122 249.289 234.776 131.529 150.336  73.878 142.225 144.700 245.465 156.630 133.959  25.179 148.061 143.388 126.087 139.843 146.414 252.692 253.492 232.594 163.884 156.668 168.760 208.096 260.017  93.771 322.913 240.959 125.399 132.189  23.345 183.393 223.081 183.251 136.242 255.431 156.042  31.401 120.669 194.371 181.199  74.686 166.973  46.098 ;
S18:  78.873 225.701  65.115 166.373 191.230  88.006 238.757 196.390  96.540 236.660 150.233  60.208 114.809 237.034 213.581 134.715  51.108 178.227   0.000 251.454 291.247 112.004 226.566 272.083 193.189  73.498  40.853 301.629 243.614  81.043 192.824 304.140 222.225 192.627 313.313 314.078 247.935 234.478 225.375 160.863 165.012 209.239 295.325 266.295  80.523  86.348 203.325 184.068 133.555  78.549 226.991 123.746  88.238 133.462 144.693 248.761 270.647 299.201 154.932 134.134 205.056 239.019 216.021  81.841  97.673 182.332 117.107  35.735 174.545 251.446 237.118 144.534 ;
S19: 172.609  33.015 249.201 170.238 115.525 288.045 284.018 259.977 158.294  76.844 276.226 295.692 143.108 110.454 111.544 261.276 302.200  85.907 251.454   0.000  64.281 357.799 190.780  29.428 172.792 288.300 274.401  53.712 134.406 327.880 247.588  54.406 218.525 143.951  62.225  62.626 234.105 125.686 197.800 111.005 160.431 214.895  43.932  76.577 231.199 331.887 266.372 248.918 193.003 241.357 238.504 293.973 337.551 132.306 394.321 227.721  49.649  48.021 105.948 213.506 227.079 157.433 204.318 332.122 200.831  69.642 206.526 273.057 191.909  70.725 137.361 132.004 ;
S20: 213.827  70.385 299.842 172.977 179.070 311.541 269.091 254.024 194.743 140.246 283.656 341.541 176.828  88.204 175.824 319.920 340.178 113.172 291.247  64.281   0.000 401.696 255.016  77.369 165.387 337.682 307.435  36.235 197.436 361.913 310.780  42.942 202.022 139.463  53.852  60.415 298.263 189.275 179.101 133.544 222.643 202.247  52.402 134.239 254.608 365.099 329.670 311.647 252.480 264.872 222.081 309.555 372.887 187.032 435.932 291.810 103.310  61.074 136.517 273.095 291.000 221.054 189.024 368.458 255.705 114.061 221.840 307.148 254.867  47.434 200.878 153.600 ;
S21: 187.878 334.428 116.726 274.184 278.959 149.753 323.682 284.028 207.762 330.643 226.974  63.008 226.318 348.855 300.177 158.256  72.007 289.233 112.004 357.799 401.696   0.000 287.000 375.630 300.282  79.379 113.437 409.635 323.155  78.160 226.080 411.597 322.300 302.870 420.024 420.107 292.754 316.394 329.310 272.738 240.554 309.438 401.659 360.627 178.664  81.933 227.372 216.083 200.025 172.131 323.048 186.762  66.851 230.228  40.162 296.326 370.407 404.665 266.092 189.011 249.257 311.488 318.512  62.362 171.304 290.259 219.993 110.218 235.315 363.056 315.696 256.517 ;
S22: 183.371 197.041 176.284 278.604  82.735 307.280 397.745 359.857 194.700 116.017 342.301 230.471 198.346 274.607  79.429 133.417 268.119 203.325 226.566 190.780 255.016 287.000   0.000 184.024 297.741 208.312 266.543 236.000  64.560 302.238  78.518 233.077 346.831 274.614 233.694 229.157  43.681  68.469 334.069 215.520  67.119 337.350 218.112 133.180 268.477 308.318  92.655  85.703  93.343 274.696 362.763 334.642 305.002 125.252 326.956  38.079 161.697 214.525 198.977  98.732  49.679  39.925 333.678 297.015 128.996 174.152 274.303 261.895  53.009 250.146  58.249 223.486 ;
S23: 193.794  62.129 263.964 199.492 117.047 313.700 313.356 289.375 181.662  68.184 304.724 312.928 167.720 138.196 107.517 268.829 323.136 113.745 272.083  29.428  77.369 375.630 184.024   0.000 202.200 303.488 297.405  52.086 122.919 350.156 247.649  49.092 247.695 173.367  51.245  48.332 226.179 116.108 226.762 138.924 164.158 244.233  34.234  57.009 257.280 354.431 265.962 250.140 200.479 267.329 267.720 321.238 359.290 146.414 413.087 219.329  25.942  32.311 132.442 220.493 224.742 147.489 233.521 353.510 213.038  93.638 234.335 295.706 193.290  96.519 127.318 159.665 ;
S24: 144.586 140.943 235.767  27.019 218.552 171.234 111.629  89.090 121.565 221.653 122.801 253.292 108.079  78.160 232.398 288.392 228.950 100.703 193.189 172.792 165.387 300.282 297.741 202.200   0.000 262.191 188.322 195.310 268.213 238.365 315.286 201.159  49.820  28.862 213.150 218.021 337.843 256.628  37.577  82.759 236.104  42.953 202.121 238.321 123.167 239.353 332.814 310.942 239.777 131.484  68.096 156.541 251.348 176.119 325.161 334.215 219.536 210.288  99.005 256.082 309.416 281.858  36.069 249.776 219.477 132.019  81.437 190.707 266.908 118.714 266.595  75.472 ;
S25: 128.082 268.218  39.623 235.172 201.358 152.411 312.130 269.824 151.242 254.201 221.847  26.401 169.838 296.447 222.092  84.723  77.421 228.668  73.498 288.300 337.682  79.379 208.312 303.488 262.191   0.000 103.175 341.400 243.988 108.674 152.319 342.667 294.432 257.816 350.184 349.584 217.058 237.474 296.061 216.622 161.484 281.498 331.616 284.016 154.019 114.935 156.924 142.411 120.702 151.789 300.028 190.822 106.283 157.080 119.541 220.009 295.980 333.768 206.693 109.882 173.003 232.112 287.446  98.082  93.477 223.877 189.526  97.637 156.205 303.330 236.485 204.216 ;
S26: 105.005 246.028 104.293 162.963 226.385  49.578 214.574 173.401 116.108 268.494 120.487  81.939 132.061 243.655 248.697 173.807  41.437 194.905  40.853 274.401 307.435 113.437 266.543 297.405 188.322 103.175   0.000 321.890 280.302  54.489 233.452 325.085 208.885 193.871 335.046 336.550 288.716 270.668 216.104 174.040 203.711 196.010 317.682 297.523  65.521  57.801 243.528 224.589 173.902  58.694 210.152  87.658  65.947 166.544 136.971 289.456 298.786 322.419 171.817 174.977 245.904 277.260 205.139  62.682 138.004 204.788 107.205   5.657 214.898 264.473 274.117 154.897 ;
S27: 222.874  76.059 302.476 199.650 166.172 330.946 301.955 284.396 206.465 120.017 309.726 347.973 189.834 120.503 158.710 314.617 351.864 127.769 301.629  53.712  36.235 409.635 236.000  52.086 195.310 341.400 321.890   0.000 174.929 376.005 297.935   6.708 234.853 167.967  18.248  24.352 278.259 168.190 212.250 151.159 212.361 234.105  19.313 107.708 273.701 379.668 316.470 299.908 246.238 283.989 255.039 332.519 386.256 185.925 445.497 271.415  76.485  26.627 150.333 266.661 275.862 199.565 221.443 381.222 254.527 119.503 244.266 321.006 242.854  77.026 179.402 172.192 ;
S28: 182.332 147.665 206.930 253.559  56.294 313.919 375.453 341.299 185.785  57.585 334.607 262.208 183.175 230.801  36.674 181.813 291.053 168.122 243.614 134.406 197.436 323.155  64.560 122.919 268.213 243.988 280.302 174.929   0.000 323.883 139.086 171.421 318.025 241.994 171.000 166.075 104.173  11.662 302.076 186.132  82.638 310.266 156.387  69.260 266.728 329.515 155.193 144.516 123.438 274.711 335.847 335.233 329.087 117.098 363.235  97.046  99.045 152.030 170.880 137.594 111.803  25.179 304.081 321.636 153.075 136.781 262.545 276.523  94.921 200.002   7.810 199.324 ;
S29: 156.541 300.042 127.906 214.084 272.156  74.330 248.002 209.774 169.753 317.515 151.003  82.298 186.207 297.236 294.491 191.719  34.234 249.289  81.043 327.880 361.913  78.160 302.238 350.156 238.365 108.674  54.489 376.005 323.883   0.000 257.420 379.084 253.298 246.295 388.897 390.232 318.609 315.017 263.230 228.528 243.822 240.801 371.372 347.040 115.603   6.325 264.093 247.800 209.038 106.892 251.621 109.458  13.342 214.411  89.443 320.465 350.271 375.890 226.142 205.407 274.591 317.984 251.406  15.811 174.046 258.242 157.003  55.000 249.339 318.906 317.208 209.308 ;
S30: 178.219 245.051 130.740 291.872 132.098 280.232 401.868 360.810 197.203 180.646 330.770 177.725 207.663 311.082 140.520  68.066 223.654 234.776 192.824 247.588 310.780 226.080  78.518 247.649 315.286 152.319 233.452 297.935 139.086 257.420   0.000 296.142 361.066 297.311 298.804 295.219  67.683 139.531 352.853 239.136  89.140 349.857 281.684 203.539 254.285 263.737  19.026  10.000  75.802 257.870 373.973 313.445 257.171 141.989 264.683  72.422 228.659 279.646 222.946  62.936  29.069 116.606 349.482 248.928 103.947 211.287 271.825 228.079  56.009 295.895 131.727 240.260 ;
S31: 225.304  79.057 303.600 205.010 164.712 334.978 308.185 290.248 209.402 117.273 314.879 349.723 193.039 126.775 156.416 314.250 354.543 131.529 304.140  54.406  42.942 411.597 233.077  49.092 201.159 342.667 325.085   6.708 171.421 379.084 296.142   0.000 241.100 173.649  12.000  17.720 275.065 165.012 218.552 155.261 211.249 240.208  15.033 103.576 277.743 382.828 314.582 298.329 245.817 288.023 261.297 337.147 389.200 186.657 447.724 268.151  72.560  21.024 153.834 266.160 273.651 196.207 227.636 384.064 255.039 121.828 248.896 324.099 241.323  83.150 176.102 176.366 ;
S32: 186.078 187.747 272.250  69.340 268.203 180.613  67.119  61.033 164.584 270.969 114.621 282.044 153.496 114.355 282.214 329.612 250.320 150.336 222.225 218.525 202.022 322.300 346.831 247.695  49.820 294.432 208.885 234.853 318.025 253.298 361.066 241.100   0.000  77.026 253.047 258.521 386.419 306.444  23.195 132.458 284.255  13.000 243.977 286.686 144.347 253.061 378.134 356.187 285.281 150.207  20.224 155.913 266.627 224.009 342.462 382.991 266.507 252.517 148.553 300.533 356.707 331.605  14.318 266.552 262.366 181.706 105.119 212.361 314.341 158.028 316.413 123.556 ;
S33: 134.060 112.089 228.178  35.228 194.000 183.870 140.428 117.038 110.114 193.982 144.848 251.754  93.904  55.227 206.649 275.697 233.026  73.878 192.627 143.951 139.463 302.870 274.614 173.367  28.862 257.816 193.871 167.967 241.994 246.295 297.311 173.649  77.026   0.000 185.607 190.263 315.660 230.489  60.141  59.363 215.081  71.512 174.000 209.881 131.015 247.986 315.328 293.656 222.657 140.417  96.177 174.453 258.853 156.080 330.510 311.662 190.717 182.044  76.007 240.127 289.415 256.681  62.769 256.400 205.730 105.262  91.285 195.474 246.895  92.195 240.753  58.249 ;
S34: 234.440  89.185 310.942 216.843 168.244 345.801 320.141 302.238 219.146 118.697 326.590 357.897 203.096 138.708 158.474 319.326 363.897 142.225 313.313  62.225  53.852 420.024 233.694  51.245 213.150 350.184 335.046  18.248 171.000 388.897 298.804  12.000 253.047 185.607   0.000   7.071 275.065 165.303 230.471 166.235 215.244 252.198  18.601 102.176 288.591 392.730 317.052 301.370 250.890 298.859 273.240 348.488 398.855 193.600 456.483 268.017  72.062  19.235 164.247 271.074 275.574 196.023 239.604 393.600 261.543 131.034 260.256 333.946 244.534  95.131 176.102 187.385 ;
S35: 235.228  91.236 310.234 221.045 165.276 348.264 325.576 307.080 220.511 114.756 330.456 357.799 204.788 144.257 154.738 317.095 364.803 144.700 314.078  62.626  60.415 420.107 229.157  48.332 218.021 349.584 336.550  24.352 166.075 390.232 295.219  17.720 258.521 190.263   7.071   0.000 270.224 160.702 236.044 169.009 212.462 257.437  18.868  97.005 291.110 394.154 313.356 297.983 248.709 301.359 278.729 351.673 400.031 192.720 456.834 263.122  67.476  16.125 166.364 268.777 271.627 191.167 244.990 394.666 260.279 132.061 263.501 335.336 241.282 100.499 171.353 190.192 ;
S36: 215.641 240.709 190.704 317.591 125.925 332.615 434.940 395.961 229.730 158.619 374.158 241.531 235.468 317.718 123.000 134.536 284.429 245.465 247.935 234.105 298.263 292.754  43.681 226.179 337.843 217.058 288.716 278.259 104.173 318.609  67.683 275.065 386.419 315.660 275.065 270.224   0.000 110.073 374.606 256.338 102.552 376.485 260.048 173.416 298.751 324.863  73.355  77.466 116.297 304.016 401.693 362.691 319.640 162.788 331.747   7.616 203.022 256.018 239.708 114.018  44.181  79.057 373.568 311.451 151.539 216.899 308.756 283.671  76.851 293.804  99.000 262.865 ;
S37: 171.747 137.437 199.850 241.901  45.398 303.534 363.793 329.656 174.642  49.031 323.274 254.961 171.735 220.057  25.080 178.281 282.446 156.630 234.478 125.686 189.275 316.394  68.469 116.108 256.628 237.474 270.668 168.190  11.662 315.017 139.531 165.012 306.444 230.489 165.303 160.702 110.073   0.000 290.589 174.496  76.059 298.645 150.003  65.000 255.812 320.581 156.387 144.253 117.478 263.898 324.230 324.359 320.515 106.471 356.387 103.238  93.263 146.168 159.223 132.801 113.296  31.780 292.515 313.155 145.602 125.320 251.114 266.993  92.098 190.066  11.705 187.665 ;
S38: 181.463 167.765 271.267  62.817 253.970 192.315  90.006  82.298 158.751 253.239 131.590 285.568 145.619  91.788 266.790 325.407 257.391 133.959 225.375 197.800 179.101 329.310 334.069 226.762  37.577 296.061 216.104 212.250 302.076 263.230 352.853 218.552  23.195  60.141 230.471 236.044 374.606 290.589   0.000 118.562 273.190  28.018 221.822 267.599 150.659 263.503 370.390 348.518 277.354 157.696  43.000 171.012 276.471 213.378 351.673 370.826 246.333 230.437 135.093 293.615 346.771 316.796  13.454 275.754 256.784 165.303 109.490 219.100 304.243 135.636 300.887 112.872 ;
S39: 88.544  78.588 182.661  67.978 135.794 179.789 189.789 158.146  65.795 142.804 166.075 215.574  47.011  80.411 150.000 222.380 208.060  25.179 160.863 111.005 133.544 272.738 215.520 138.924  82.759 216.622 174.040 151.159 186.132 228.528 239.136 155.261 132.458  59.363 166.235 169.009 256.338 174.496 118.562   0.000 155.795 124.201 150.546 163.248 122.544 231.614 257.410 235.936 165.421 132.834 149.807 183.134 239.710  97.309 305.000 252.406 150.163 156.895  16.643 183.763 230.315 199.151 118.828 235.553 152.161  52.498  95.525 173.948 187.843  90.907 184.201  21.190 ;
S40: 116.276 156.000 124.310 215.232  47.413 242.099 332.488 293.847 128.004 101.514 275.182 179.622 132.944 223.486  63.655 106.607 210.373 148.061 165.012 160.431 222.643 240.554  67.119 164.158 236.104 161.484 203.711 212.361  82.638 243.822  89.140 211.249 284.255 215.081 215.244 212.462 102.552  76.059 273.190 155.795   0.000 274.128 197.363 129.190 201.556 249.650 108.167  89.140  41.617 207.993 299.256 268.198 248.204  60.308 280.615  99.825 148.718 196.469 139.187  58.796  75.027  74.169 271.603 240.560  70.831 122.784 207.511 199.424  33.541 206.785  75.273 160.801 ;
S41: 174.132 183.439 259.563  58.898 259.557 168.434  69.123  54.626 153.000 264.486 104.350 269.046 142.562 114.070 274.201 317.416 237.447 143.388 209.239 214.895 202.247 309.438 337.350 244.233  42.953 281.498 196.010 234.105 310.266 240.801 349.857 240.208  13.000  71.512 252.198 257.437 376.485 298.645  28.018 124.201 274.128   0.000 242.293 281.261 131.381 240.660 366.772 344.819 274.055 137.321  25.612 144.803 254.120 213.825 329.874 373.209 262.155 250.683 139.946 289.000 346.071 323.167  14.765 253.939 250.529 174.591  92.136 199.449 303.804 157.080 308.402 113.864 ;
S42: 216.462  72.498 292.358 203.983 150.572 329.588 310.850 291.015 201.646 102.396 312.872 339.458 185.930 130.269 141.718 301.040 346.013 126.087 295.325  43.932  52.402 401.659 218.112  34.234 202.121 331.616 317.682  19.313 156.387 371.372 281.684  15.033 243.977 174.000  18.601  18.868 260.048 150.003 221.822 150.546 197.363 242.293   0.000  88.645 272.465 375.288 300.060 284.018 232.594 282.703 264.201 333.422 381.189 175.000 438.248 253.126  57.559   8.944 147.597 252.834 258.954 181.177 230.235 375.842 242.959 113.225 245.326 316.471 227.070  86.348 161.078 171.735 ;
S43: 192.816 100.688 244.706 229.976  83.487 322.158 349.666 320.880 187.417  30.017 326.572 297.755 178.101 184.911  65.803 235.671 316.849 139.843 266.295  76.577 134.239 360.627 133.180  57.009 238.321 284.016 297.523 107.708  69.260 347.040 203.539 103.576 286.686 209.881 102.176  97.005 173.416  65.000 267.599 163.248 129.190 281.261  88.645   0.000 268.673 352.013 220.857 207.576 169.759 278.038 306.052 336.149 354.493 133.015 399.766 166.244  31.321  83.487 151.753 187.971 178.037  94.430 272.371 347.846 190.602 111.005 253.789 294.822 152.817 147.139  74.967 181.497 ;
S44:  85.703 200.002 139.671  98.489 210.459  57.245 158.597 116.108  82.098 242.033  76.485 138.813  90.934 183.306 231.510 206.010 106.733 146.414  80.523 231.199 254.608 178.664 268.477 257.280 123.167 154.019  65.521 273.701 266.728 115.603 254.285 277.743 144.347 131.015 288.591 291.110 298.751 255.812 150.659 122.544 201.556 131.381 272.465 268.673   0.000 117.047 268.002 246.903 183.349  10.296 147.340  68.593 128.413 149.907 202.040 297.809 263.594 278.361 125.252 191.552 259.700 269.641 139.904 126.625 150.572 163.954  41.785  68.447 221.923 209.201 261.842 101.597 ;
S45: 161.012 303.771 134.164 215.407 277.563  73.164 246.100 208.387 173.643 322.552 149.164  88.549 189.834 299.388 299.908 198.040  40.447 252.692  86.348 331.887 365.099  81.933 308.318 354.431 239.353 114.935  57.801 379.668 329.515   6.325 263.737 382.828 253.061 247.986 392.730 394.154 324.863 320.581 263.503 231.614 249.650 240.660 375.288 352.013 117.047   0.000 270.416 254.120 215.084 108.046 250.880 107.075  15.297 219.536  90.554 326.696 354.877 379.907 229.617 211.603 280.856 323.818 251.525  20.248 180.011 262.246 158.146  58.830 255.441 321.772 322.876 212.174 ;
S46: 194.165 264.068 139.589 309.071 150.851 291.218 417.612 376.258 213.862 198.658 344.420 182.964 224.949 329.876 158.619  72.422 230.827 253.492 203.325 266.372 329.670 227.372  92.655 265.962 332.814 156.924 243.528 316.470 155.193 264.093  19.026 314.582 378.134 315.328 317.052 313.356  73.355 156.387 370.390 257.410 108.167 366.772 300.060 220.857 268.002 270.416   0.000  21.954  93.038 271.089 390.674 325.407 262.924 160.440 265.000  79.404 246.562 297.866 241.307  78.237  43.417 131.883 366.742 254.686 118.697 230.235 287.237 238.046  75.000 314.916 148.034 258.017 ;
S47: 172.285 245.051 121.462 287.139 133.754 271.680 395.800 354.519 191.909 183.774 323.371 167.887 203.037 309.115 143.618  58.078 214.105 232.594 184.068 248.918 311.647 216.083  85.703 250.140 310.942 142.411 224.589 299.908 144.516 247.800  10.000 298.329 356.187 293.656 301.370 297.983  77.466 144.253 348.518 235.936  89.140 344.819 284.018 207.576 246.903 254.120  21.954   0.000  71.176 250.234 368.722 305.267 247.421 139.216 254.710  82.006 231.873 282.280 219.920  56.400  37.216 122.788 344.816 239.176  97.082 210.052 265.498 219.180  57.070 295.286 137.011 236.231 ;
S48: 103.325 183.183  84.929 216.123  86.556 216.536 326.754 286.094 121.495 141.227 259.401 140.186 131.947 240.520 104.805  68.447 175.000 163.884 133.555 193.003 252.480 200.025  93.343 200.479 239.777 120.702 173.902 246.238 123.438 209.038  75.802 245.817 285.281 222.657 250.890 248.709 116.297 117.478 277.354 165.421  41.617 274.055 232.594 169.759 183.349 215.084  93.038  71.176   0.000 188.152 298.198 246.435 212.191  70.178 240.169 116.245 187.278 232.594 149.683  20.616  76.400 111.826 273.766 204.296  35.903 144.222 197.345 169.098  41.000 230.556 115.871 165.085 ;
S49:  92.892 210.231 140.064 107.378 218.506  46.957 160.353 118.140  91.005 251.161  73.756 135.148 100.623 193.104 239.760 207.562 100.130 156.668  78.549 241.357 264.872 172.131 274.696 267.329 131.484 151.789  58.694 283.989 274.711 106.892 257.870 288.023 150.207 140.417 298.859 301.359 304.016 263.898 157.696 132.834 207.993 137.321 282.703 278.038  10.296 108.046 271.089 250.234 188.152   0.000 152.003  60.638 119.867 157.690 194.201 303.295 273.386 288.571 135.418 195.412 264.322 276.991 146.537 118.474 154.616 173.922  50.120  62.201 227.297 219.401 269.676 111.893 ;
S50: 197.246 207.523 280.080  84.172 285.156 177.792  47.011  48.415 176.819 289.746 106.888 286.094 167.200 134.536 299.803 339.695 251.390 168.760 226.991 238.504 222.081 323.048 362.763 267.720  68.096 300.028 210.152 255.039 335.847 251.621 373.973 261.297  20.224  96.177 273.240 278.729 401.693 324.230  43.000 149.807 299.256  25.612 264.201 306.052 147.340 250.880 390.674 368.722 298.198 152.003   0.000 149.693 264.955 238.950 341.059 398.493 286.295 272.738 165.557 312.693 370.800 348.776  34.205 265.505 273.724 200.025 110.856 214.037 328.635 178.241 334.006 139.302 ;
S51: 153.525 261.721 188.831 139.230 278.987  38.910 139.435 103.846 150.562 310.040  43.417 168.814 158.051 229.652 300.097 258.312 121.264 208.096 123.746 293.973 309.555 186.762 334.642 321.238 156.541 190.822  87.658 332.519 335.233 109.458 313.445 337.147 155.913 174.453 348.488 351.673 362.691 324.359 171.012 183.134 268.198 144.803 333.422 336.149  68.593 107.075 325.407 305.267 246.435  60.638 149.693   0.000 122.201 218.277 197.091 362.305 329.437 339.968 188.905 251.962 321.995 337.617 157.867 124.904 211.851 229.107  88.255  93.231 286.295 262.515 330.261 162.015 ;
S52: 165.496 310.221 129.314 226.896 278.297  87.573 261.031 222.991 179.805 324.805 164.049  80.006 196.665 309.401 300.568 190.520  38.079 260.017  88.238 337.551 372.887  66.851 305.002 359.290 251.348 106.283  65.947 386.256 329.087  13.342 257.171 389.200 266.627 258.853 398.855 400.031 319.640 320.515 276.471 239.710 248.204 254.120 381.189 354.493 128.413  15.297 262.924 247.421 212.191 119.867 264.955 122.201   0.000 221.563  76.118 321.801 358.670 385.519 236.783 207.292 275.496 322.248 264.683   8.246 177.815 267.972 169.941  65.765 252.000 330.310 322.262 220.780 ;
S53:  65.276 116.709 117.593 154.932  61.131 197.162 272.641 234.617  70.682 103.247 220.077 167.263  73.110 170.426  83.000 134.164 183.848  93.771 133.462 132.306 187.032 230.228 125.252 146.414 176.119 157.080 166.544 185.925 117.098 214.411 141.989 186.657 224.009 156.080 193.600 192.720 162.788 106.471 213.378  97.309  60.308 213.825 175.000 133.015 149.907 219.536 160.440 139.216  70.178 157.690 238.950 218.277 221.563   0.000 268.544 159.806 140.207 176.819  80.994  90.000 133.462 120.208 211.454 214.853  68.877  75.133 149.967 163.368  90.918 161.372 111.987 100.688 ;
S54: 222.767 369.834 156.589 299.933 318.529 163.625 336.430 298.940 241.230 369.757 239.604 102.083 259.417 378.857 339.890 197.231  97.755 322.913 144.693 394.321 435.932  40.162 326.956 413.087 325.161 119.541 136.971 445.497 363.235  89.443 264.683 447.724 342.462 330.510 456.483 456.834 331.747 356.387 351.673 305.000 280.615 329.874 438.248 399.766 202.040  90.554 265.000 254.710 240.169 194.201 341.059 197.091  76.118 268.544   0.000 335.515 408.727 441.576 299.606 229.120 288.513 351.650 340.125  75.961 211.102 325.995 243.824 135.059 275.409 395.824 355.793 287.642 ;
S55: 214.114 234.957 192.629 314.341 120.768 332.778 432.297 393.620 227.548 151.954 372.907 244.166 232.725 312.648 116.914 138.311 286.248 240.959 248.761 227.721 291.810 296.326  38.079 219.329 334.215 220.009 289.456 271.415  97.046 320.465  72.422 268.151 382.991 311.662 268.017 263.122   7.616 103.238 370.826 252.406  99.825 373.209 253.126 166.244 297.809 326.696  79.404  82.006 116.245 303.295 398.493 362.305 321.801 159.806 335.515   0.000 196.000 249.000 235.801 115.317  47.096  72.000 370.028 313.637 151.822 212.059 306.809 284.480  76.026 288.085  92.049 259.453 ;
S56: 193.941  78.772 256.363 214.220 101.356 318.944 331.145 304.961 184.765  48.104 316.006 307.417 172.792 160.066  88.255 254.939 321.711 125.399 270.647  49.649 103.310 370.407 161.697  25.942 219.536 295.980 298.786  76.485  99.045 350.271 228.659  72.560 266.507 190.717  72.062  67.476 203.022  93.263 246.333 150.163 148.718 262.155  57.559  31.321 263.594 354.877 246.562 231.873 187.278 273.386 286.295 329.437 358.670 140.207 408.727 196.000   0.000  53.000 141.174 206.635 204.475 124.000 252.224 352.477 203.652 100.404 244.205 296.623 175.693 119.971 104.043 170.000 ;
S57: 220.418  78.435 294.376 211.606 149.345 335.386 319.331 299.082 206.313  99.464 320.089 342.251 191.003 138.975 139.270 300.987 350.036 132.189 299.201  48.021  61.074 404.665 214.525  32.311 210.288 333.768 322.419  26.627 152.030 375.890 279.646  21.024 252.517 182.044  19.235  16.125 256.018 146.168 230.437 156.895 196.469 250.683   8.944  83.487 278.361 379.907 297.866 282.280 232.594 288.571 272.738 339.968 385.519 176.819 441.576 249.000  53.000   0.000 153.235 252.676 256.345 177.000 238.730 380.043 244.240 117.661 252.002 321.076 225.497  95.079 157.029 178.070 ;
S58:  79.177  75.133 171.453  82.680 119.670 182.168 204.600 171.619  58.412 129.692 175.231 207.386  40.311  93.193 134.525 208.038 203.666  23.345 154.932 105.948 136.517 266.092 198.977 132.442  99.005 206.693 171.817 150.333 170.880 226.142 222.946 153.834 148.553  76.007 164.247 166.364 239.708 159.223 135.093  16.643 139.187 139.946 147.597 151.753 125.252 229.617 241.307 219.920 149.683 135.418 165.557 188.905 236.783  80.994 299.606 235.801 141.174 153.235   0.000 168.345 213.776 183.221 135.059 232.142 138.014  41.049 103.044 171.187 171.330  97.247 168.680  29.833 ;
S59: 115.935 203.767  78.026 231.741 105.437 220.030 339.401 298.136 136.000 160.000 268.019 131.746 148.003 259.933 122.430  48.374 171.172 183.393 134.134 213.506 273.095 189.011  98.732 220.493 256.082 109.882 174.977 266.661 137.594 205.407  62.936 266.160 300.533 240.127 271.074 268.777 114.018 132.801 293.615 183.763  58.796 289.000 252.834 187.971 191.552 211.603  78.237  56.400  20.616 195.412 312.693 251.962 207.292  90.000 229.120 115.317 206.635 252.676 168.345   0.000  70.937 123.167 289.436 199.203  41.037 164.514 209.117 169.850  46.325 250.880 129.850 182.148 ;
S60: 179.011 227.607 146.697 287.388 112.112 290.766 401.454 361.365 195.489 156.895 335.801 197.365 203.600 298.277 117.239  91.411 240.441 223.081 205.056 227.079 291.000 249.257  49.679 224.742 309.416 173.003 245.904 275.862 111.803 274.591  29.069 273.651 356.707 289.415 275.574 271.627  44.181 113.296 346.771 230.315  75.027 346.071 258.954 178.037 259.700 280.856  43.417  37.216  76.400 264.322 370.800 321.995 275.496 133.462 288.513  47.096 204.475 256.345 213.776  70.937   0.000  88.510 344.478 267.301 110.145 197.254 273.002 240.759  42.544 279.644 104.695 233.944 ;
S61: 184.101 168.158 196.698 265.409  63.820 313.849 386.762 351.080 190.709  80.808 340.194 252.002 190.539 249.650  50.804 164.469 284.482 183.251 239.019 157.433 221.054 311.488  39.925 147.489 281.858 232.112 277.260 199.565  25.179 317.984 116.606 196.207 331.605 256.681 196.023 191.167  79.057  31.780 316.796 199.151  74.169 323.167 181.177  94.430 269.641 323.818 131.883 122.788 111.826 276.991 348.776 337.617 322.248 120.208 351.650  72.000 124.000 177.000 183.221 123.167  88.510   0.000 317.907 314.554 144.534 152.398 269.318 273.117  77.897 221.054  20.224 210.419 ;
S62:175.841 173.459 263.865  57.697 254.621 179.922  80.623  69.354 153.769 256.743 118.191 276.116 141.824 101.045 268.365 319.714 246.522 136.242 216.021 204.318 189.024 318.512 333.678 233.521  36.069 287.446 205.139 221.443 304.081 251.406 349.482 227.636  14.318  62.769 239.604 244.990 373.568 292.515  13.454 118.828 271.603  14.765 230.235 272.371 139.904 251.525 366.742 344.816 273.766 146.537  34.205 157.867 264.683 211.454 340.125 370.028 252.224 238.730 135.059 289.436 344.478 317.907   0.000 264.169 251.803 167.631  99.323 208.312 302.035 144.499 302.552 110.802 ;
S63: 159.765 305.164 121.202 224.949 271.162  89.022 263.030 224.377 174.774 318.097 166.048  71.784 191.919 306.315 293.402 182.280  31.016 255.431  81.841 332.122 368.458  62.362 297.015 353.510 249.776  98.082  62.682 381.222 321.636  15.811 248.928 384.064 266.552 256.400 393.600 394.666 311.451 313.155 275.754 235.553 240.560 253.939 375.842 347.846 126.625  20.248 254.686 239.176 204.296 118.474 265.505 124.904   8.246 214.853  75.961 313.637 352.477 380.043 232.142 199.203 267.301 314.554 264.169   0.000 170.065 262.619 168.345  61.847 244.008 326.314 314.771 216.933 ;
S64:  76.479 185.324  54.589 194.288 107.912 181.077 299.107 257.606  98.082 160.860 227.020 109.385 112.058 231.138 128.891  70.257 140.228 156.042  97.673 200.831 255.705 171.304 128.996 213.038 219.477  93.477 138.004 254.527 153.075 174.046 103.947 255.039 262.366 205.730 261.543 260.279 151.539 145.602 256.784 152.161  70.831 250.529 242.959 190.602 150.572 180.011 118.697  97.082  35.903 154.616 273.724 211.851 177.815  68.877 211.102 151.822 203.652 244.240 138.014  41.037 110.145 144.534 251.803 170.065   0.000 142.636 168.600 133.195  76.903 227.783 145.880 147.492 ;
S65: 103.479  44.407 185.809 120.154  91.586 220.127 241.495 210.623  88.685  90.471 216.280 228.954  74.095 101.242 101.863 209.296 232.863  31.401 182.332  69.642 114.061 290.259 174.152  93.638 132.019 223.877 204.788 119.503 136.781 258.242 211.287 121.828 181.706 105.262 131.034 132.061 216.899 125.320 165.303  52.498 122.784 174.591 113.225 111.005 163.954 262.246 230.235 210.052 144.222 173.922 200.025 229.107 267.972  75.133 325.995 212.059 100.404 117.661  41.049 164.514 197.254 152.398 167.631 262.619 142.636   0.000 144.003 203.416 156.311  86.371 135.772  70.576 ;
S66:  94.048 173.980 169.499  57.428 206.865  92.634 130.633  89.022  79.612 229.682  72.993 177.000  79.379 145.248 226.108 231.244 148.223 120.669 117.107 206.526 221.840 219.993 274.303 234.335  81.437 189.526 107.205 244.266 262.545 157.003 271.825 248.896 105.119  91.285 260.256 263.501 308.756 251.114 109.490  95.525 207.511  92.136 245.326 253.789  41.785 158.146 287.237 265.498 197.345  50.120 110.856  88.255 169.941 149.967 243.824 306.809 244.205 252.002 103.044 209.117 273.002 269.318  99.323 168.345 168.600 144.003   0.000 109.895 232.551 175.137 258.683  74.673 ;
S67: 102.694 245.051  98.737 165.085 222.895  55.227 219.258 177.910 114.826 265.663 125.591  76.694 131.210 244.639 245.231 168.217  38.328 194.371  35.735 273.057 307.148 110.218 261.895 295.706 190.707  97.637   5.657 321.006 276.523  55.000 228.079 324.099 212.361 195.474 333.946 335.336 283.671 266.993 219.100 173.948 199.424 199.449 316.471 294.822  68.447  58.830 238.046 219.180 169.098  62.201 214.037  93.231  65.765 163.368 135.059 284.480 296.623 321.076 171.187 169.850 240.759 273.117 208.312  61.847 133.195 203.416 109.895   0.000 210.098 264.594 270.267 155.129 ;
